4.135160288906412074e-01 -5.143320009867961673e+00 -2.025973972289006664e+00 -2.298842319866632344e+00 -1.618200015286601623e-01 -2.308625498905839402e-01 -1.639027260321565815e-01 2.009990861276550689e+00 -1.031436756690315759e+00 2.577484636163274168e-01
-2.002723366752643397e+00 -7.039971303346249654e-01 -9.980228562843480589e-01 -8.482892373148076537e-01 -6.747537585975116325e-01 -7.227220126383111509e-01 -6.749042034276359070e-01 -1.748243741187929468e+00 -6.398105267501524862e-01 -6.653982236663896765e-01
-1.666337843290721876e+00 -6.668624422625969439e-01 -7.726141063509096574e-01 -8.065398138561706842e-01 -6.558686631007353274e-01 -7.522232745538497412e-01 -6.570430334943222483e-01 -2.508531699332693155e+00 -6.795231096235453405e-01 -7.210134241900192364e-01
7.917970549412468861e-02 2.308285064015888066e-01 3.350911203980205255e-01 3.298157569591958493e-01 -4.470028448162015167e+00 2.137920465096701805e-01 -4.481096930144317092e+00 1.666587731602680922e+00 -3.540917891209883206e-01 -1.949975490048319327e-01
-1.397107869265961977e+00 -1.262898422552260591e+00 -1.255875296858631529e+00 -2.363134375899982764e+00 -4.125368241384161916e-01 -1.513983876318286015e+00 -4.149742800250145747e-01 1.312514595104158355e+00 -5.462628440260551832e-01 -1.285192629725013802e+00
1.458825510856941676e+00 4.534267261851954167e-01 1.005793602670923548e+00 -2.761004392446756439e-01 -1.787079509780045594e+00 -2.564051507279905273e+00 -1.795561306277571267e+00 8.042035022422517887e-01 -3.891275875619957691e+00 -3.181435981489387554e+00
-3.249194398705665066e+00 -8.459326425119867432e-01 -1.918496758280487713e+00 -1.007821607682905185e+00 -7.702322773576444348e-01 -6.290193415745185535e-01 -7.703890204679173515e-01 -1.143966226430812444e-01 -4.835952996388349634e-01 -4.976518183528199080e-01
-1.276569342321849154e+00 3.219302463823140448e-01 1.864025996940386343e-01 1.804990044131966620e-01 -1.917852412213938984e-01 -7.085296500059344860e-01 -1.941046632483937329e-01 -4.169034743616572669e+00 -4.962013292022738886e-01 -7.170851859253990490e-01
-1.228470738087323877e+00 2.083418419923952769e-01 1.230422204381429185e-01 6.342427711247268507e-02 -2.536426117234611421e-01 -7.110758214152708145e-01 -2.546826302695929245e-01 -3.892247778225367938e+00 -5.502871382885160534e-01 -7.136721283804779992e-01
-3.009309779786710326e+00 -7.741831056200390027e-01 -1.705013662242345296e+00 -9.355451589761298870e-01 -7.621739565452174681e-01 -6.007678224693312474e-01 -7.614237725538958168e-01 -4.430021965794427863e-01 -4.777050144487426930e-01 -4.894815708913113905e-01
