5.025900061779765338e+00 -7.874063561481488005e-01 -5.467986054055667955e-01 9.710735205274412252e-01 2.601349633317522780e+00 5.902182197988786960e+00 -1.154166474302196876e+00 -3.555103115409342651e-01 -3.587243027754836167e-01 -1.154840769353407737e+00
2.736899183153224335e+00 1.919229569099485611e+00 1.080046380760133040e+00 7.722456685219367678e-01 4.554190735109384214e+00 9.590221011156142561e-01 4.584404147501826898e+00 -6.136311709527677571e-01 -3.552887303447687106e-01 3.943500515248864247e+00
1.725587330130094577e+00 4.415960170715130140e+00 4.792386229729132197e+00 1.452945704702509055e-01 2.243282101300813736e+00 6.410713955880305293e-02 3.079404002313839595e+00 5.099341874032160327e+00 5.031963118813742142e+00 3.430686451830488704e+00
-4.851624277560821596e+00 -1.493959658072899988e+00 -1.500054678925432761e+00 -5.402914343209522130e+00 -1.609032441780286371e+00 -4.605125022997841988e+00 -1.316378838394842932e+00 -2.273122356522976784e+00 -2.133490317466501196e+00 -1.374492161372267818e+00
-3.279856642718671278e+00 -2.195458270368544906e-01 -3.068655386080273995e-01 5.100920755234745307e+00 -7.616030333274756980e-01 -9.145331773406176978e+00 -1.440360498950722934e-01 5.853476580706442611e-01 3.852796847786598144e-01 -4.517064080408444288e-02
-4.376372866455031208e+00 -1.429614816640038644e+00 -1.424582575191498446e+00 4.870817378696096434e+00 -1.441619519132950833e+00 1.462390425775170977e+00 -1.341836056176286318e+00 -2.851784222779392142e+00 -2.575789693142382042e+00 -1.411420847135429035e+00
-2.373677876968456335e+00 2.455879033740888118e-01 3.635259497281324581e-01 -5.684551607114332050e+00 -7.476235411386452645e-01 8.222518620122289956e-01 -5.137249007675328549e-01 2.066034846006536085e+00 1.760371939441116362e+00 -3.253473082812035622e-01
4.595422412051253680e+00 -1.042630084820198366e+00 -1.088770599523105398e+00 -5.750681311051093481e+00 -3.025138037389911161e-01 -3.587108910723146860e+00 -8.320025764103596844e-01 -1.280598370571173650e+00 -1.236894176308536819e+00 -8.670546040948481359e-01
-3.921488457134008065e+00 -5.421990155236029452e-01 -3.754353848609985889e-01 1.303115609112160289e+00 -1.841353847877948535e+00 9.461189339151507838e+00 -1.162335383283910950e+00 7.812597591305276978e-01 5.916754531989132371e-01 -1.016033163120653393e+00
4.720784246005917062e+00 -1.069386938354300876e+00 -9.965022894131871922e-01 3.675868465774651650e+00 -2.693761683515946803e+00 -1.333162538027704791e+00 -1.197954541694279174e+00 -1.154306299607195552e+00 -1.112820003058599960e+00 -1.177723065824237692e+00
