1.713954290559754456e+00 1.731858287250510609e+00 -6.742764011360130594e-01 4.170366856035951031e+00 1.935922144355978647e+00 2.033855145717049506e+00 2.005762383744682964e+00 1.516495507134539178e+00 1.419840261539305537e+00 1.759286857625950606e+00 1.000892661279247697e+00 -7.861793634061968739e-01 1.996399938598835577e+00 1.959479915881598755e+00 -7.261299784503194577e-01
1.544067699901319868e+00 1.647532081591536635e+00 3.214553671835225224e+00 4.095357003809756841e-02 2.218200496438599512e+00 1.936570200929369268e+00 1.771712684076105937e+00 1.509816576009404887e+00 1.953239288655784112e+00 1.537263601701390758e+00 2.814555076751842577e+00 3.575063008475912074e+00 1.616504514686319727e+00 1.593338231262303895e+00 3.592669898622081970e+00
1.552050342411667838e+00 1.241507179615964684e+00 -5.958740130151340963e-01 -4.409678022405038256e+00 5.685279469777495542e-01 1.666108685162198899e+00 2.497519481093157356e+00 1.034762902451608069e+00 -1.679246452860462480e+00 2.047716220451645697e+00 1.807315971492217399e-01 -3.290271547898752091e-01 3.047721174592206150e+00 3.013644789386836109e+00 -2.222231550763788810e-01
-6.113830177529996357e-01 -9.955542783328699130e-01 3.113541653334570558e+00 1.176532583777194718e+00 1.756270197299936386e+00 9.845461298912627779e-01 4.079701336414993662e-01 -1.021540387271206773e+00 2.043374472341754178e+00 -5.242326674130681763e-01 2.393732580160174539e+00 4.042852042509593957e+00 -2.891136030078854113e-01 -3.227025567297950870e-01 3.914883552943035472e+00
-2.230909233504731137e+00 -4.386627126978924762e-01 -1.598048836117408777e+00 -3.546916821227063643e+00 -1.112810742591704649e+00 -1.146923539621262478e+00 -1.192687575108958953e+00 5.236331131942236539e+00 -1.793995488416057826e+00 -2.279007567397601797e+00 -1.104962393692822120e+00 -1.182546196658415871e+00 -1.362883716745129314e+00 -1.425362004627637846e+00 -1.161678335555667463e+00
-1.909053544405602543e-01 -2.965369532058659621e-02 1.062913707312390432e+00 5.246432047749315153e+00 -4.599355044446552521e-01 -3.041746295111398268e-01 -2.583880789203334971e-01 5.899287954064035278e-01 3.825607367882143617e+00 -1.274570730881618985e-01 -6.610526104215080911e-01 -4.492967164949316361e-01 -2.766711946737368533e-01 -2.603942464325756934e-01 -6.560685242280230867e-01
-2.055873438120557228e+00 -2.856560437400894603e+00 -3.075734614063152961e+00 -4.478757951785767411e+00 -1.217452345315843676e+00 -1.213502608263270055e+00 -1.248792103402248888e+00 -4.621334443473875453e+00 -3.604819076866373262e+00 -1.839455451973483369e+00 -1.229622536164831414e+00 -1.306869465952672726e+00 -1.444876567957241065e+00 -1.489989002950969033e+00 -1.284588049823244260e+00
-1.177765149915642295e+00 -1.226411141012438533e+00 -2.428965917576818789e+00 7.378960584961730795e+00 -1.287706400088491909e+00 -1.234377199434120609e+00 -1.184345404531855772e+00 -1.509513755792826206e+00 -3.301637143494180027e+00 -1.187229794189702536e+00 -1.302857863800725990e+00 -1.525284551636696406e+00 -1.148277510091385345e+00 -1.153988363521920579e+00 -1.446204136351034952e+00
3.301057090325960619e+00 3.209769108381852920e+00 -1.241221583130209583e+00 -2.846481317347008044e+00 -1.392564919493628484e+00 -1.631202389249582829e+00 -1.633598334972565347e+00 1.272180839017397869e+00 -1.454303144607481002e+00 2.218021605066002877e+00 -1.172006195552628416e+00 -1.135470302742180415e+00 -7.940661634089829501e-01 -5.305050534841821985e-01 -1.118320190896395339e+00
-1.844608880332704759e+00 -2.284371587133217307e+00 2.223156885506624381e+00 -2.728595126828204265e+00 -1.006997441209169564e+00 -1.092144114955780232e+00 -1.166642247560535139e+00 -4.011179135457067169e+00 2.592452169359893421e+00 -1.603280260360070875e+00 -9.193259276588671147e-01 -9.046710811579826705e-01 -1.348078576832277164e+00 -1.382811884727001894e+00 -8.920959083011124058e-01
